Poor AI JAVA: -623.64575
Random AI JAVA: -276.6815
Average_AI_CPP: 336.4925
Poor_AI_CPP: 63.67275
Random_AI_CPP: -250.9155
TEAMNAME: 148.6565
